                            OLS Regression Results                            
==============================================================================
Dep. Variable:                      y   R-squared:                       0.553
Model:                            OLS   Adj. R-squared:                  0.553
Method:                 Least Squares   F-statistic:                     3035.
Date:                Tue, 29 Oct 2024   Prob (F-statistic):               0.00
Time:                        19:03:16   Log-Likelihood:            -2.1377e+05
No. Observations:              274560   AIC:                         4.278e+05
Df Residuals:                  274447   BIC:                         4.290e+05
Df Model:                         112                                         
Covariance Type:            nonrobust                                         
================================================================================================
                                   coef    std err          t      P>|t|      [0.025      0.975]
------------------------------------------------------------------------------------------------
const                          -31.7946      0.238   -133.594      0.000     -32.261     -31.328
odometer                     -6.804e-06   1.78e-08   -382.012      0.000   -6.84e-06   -6.77e-06
year                             0.0210      0.000    178.338      0.000       0.021       0.021
manufacturer_alfa-romeo          0.0869      0.022      3.893      0.000       0.043       0.131
manufacturer_aston-martin        0.9895      0.141      7.010      0.000       0.713       1.266
manufacturer_audi                0.1261      0.011     11.560      0.000       0.105       0.147
manufacturer_bmw                 0.0304      0.010      3.122      0.002       0.011       0.050
manufacturer_buick              -0.2648      0.012    -22.130      0.000      -0.288      -0.241
manufacturer_cadillac            0.0249      0.011      2.212      0.027       0.003       0.047
manufacturer_chevrolet           0.1158      0.009     13.403      0.000       0.099       0.133
manufacturer_chrysler           -0.4139      0.012    -34.952      0.000      -0.437      -0.391
manufacturer_datsun              0.3989      0.079      5.040      0.000       0.244       0.554
manufacturer_dodge              -0.1454      0.010    -14.492      0.000      -0.165      -0.126
manufacturer_ferrari             1.1486      0.087     13.188      0.000       0.978       1.319
manufacturer_fiat               -0.6092      0.024    -25.538      0.000      -0.656      -0.562
manufacturer_ford                0.1744      0.009     20.434      0.000       0.158       0.191
manufacturer_gmc                 0.3366      0.010     35.076      0.000       0.318       0.355
manufacturer_harley-davidson    -0.3991      0.053     -7.584      0.000      -0.502      -0.296
manufacturer_honda              -0.2346      0.009    -25.165      0.000      -0.253      -0.216
manufacturer_hyundai            -0.4163      0.010    -39.845      0.000      -0.437      -0.396
manufacturer_infiniti            0.0462      0.012      3.769      0.000       0.022       0.070
manufacturer_jaguar              0.0815      0.016      5.085      0.000       0.050       0.113
manufacturer_jeep                0.0752      0.009      7.935      0.000       0.057       0.094
manufacturer_kia                -0.4255      0.011    -38.879      0.000      -0.447      -0.404
manufacturer_land rover          0.1652      0.199      0.828      0.408      -0.226       0.556
manufacturer_lexus               0.1494      0.011     13.867      0.000       0.128       0.171
manufacturer_lincoln            -0.0455      0.013     -3.607      0.000      -0.070      -0.021
manufacturer_mazda              -0.3488      0.012    -28.846      0.000      -0.373      -0.325
manufacturer_mercedes-benz       0.1119      0.010     10.935      0.000       0.092       0.132
manufacturer_mercury            -0.5490      0.021    -25.748      0.000      -0.591      -0.507
manufacturer_mini               -0.3537      0.015    -23.066      0.000      -0.384      -0.324
manufacturer_mitsubishi         -0.3645      0.014    -26.026      0.000      -0.392      -0.337
manufacturer_morgan              1.7416      0.527      3.302      0.001       0.708       2.775
manufacturer_nissan             -0.3164      0.009    -33.431      0.000      -0.335      -0.298
manufacturer_pontiac            -0.3522      0.016    -21.854      0.000      -0.384      -0.321
manufacturer_porsche             0.5500      0.019     28.560      0.000       0.512       0.588
manufacturer_ram                 0.5256      0.010     55.163      0.000       0.507       0.544
manufacturer_rover               0.3196      0.016     19.737      0.000       0.288       0.351
manufacturer_saturn             -0.7578      0.022    -34.572      0.000      -0.801      -0.715
manufacturer_subaru             -0.1884      0.011    -17.869      0.000      -0.209      -0.168
manufacturer_tesla               0.4710      0.023     20.771      0.000       0.427       0.515
manufacturer_toyota              0.0341      0.009      3.831      0.000       0.017       0.052
manufacturer_volkswagen         -0.3276      0.011    -31.079      0.000      -0.348      -0.307
manufacturer_volvo              -0.1252      0.014     -9.041      0.000      -0.152      -0.098
manufacturer_None                0.1146      0.010     11.733      0.000       0.095       0.134
state_al                        -0.0540      0.014     -3.735      0.000      -0.082      -0.026
state_ar                        -0.0662      0.016     -4.099      0.000      -0.098      -0.035
state_az                        -0.1047      0.013     -7.939      0.000      -0.131      -0.079
state_ca                        -0.1121      0.012     -9.629      0.000      -0.135      -0.089
state_co                        -0.0617      0.013     -4.837      0.000      -0.087      -0.037
state_ct                        -0.2627      0.014    -18.424      0.000      -0.291      -0.235
state_dc                        -0.2505      0.016    -15.281      0.000      -0.283      -0.218
state_de                        -0.2263      0.023     -9.688      0.000      -0.272      -0.181
state_fl                        -0.1433      0.012    -12.059      0.000      -0.167      -0.120
state_ga                        -0.1156      0.014     -8.450      0.000      -0.142      -0.089
state_hi                        -0.1132      0.017     -6.749      0.000      -0.146      -0.080
state_ia                        -0.1448      0.013    -10.875      0.000      -0.171      -0.119
state_id                        -0.0195      0.013     -1.478      0.139      -0.045       0.006
state_il                        -0.2241      0.013    -17.357      0.000      -0.249      -0.199
state_in                        -0.1598      0.014    -11.525      0.000      -0.187      -0.133
state_ks                        -0.0969      0.014     -7.012      0.000      -0.124      -0.070
state_ky                        -0.0978      0.015     -6.628      0.000      -0.127      -0.069
state_la                        -0.0615      0.016     -3.748      0.000      -0.094      -0.029
state_ma                        -0.2412      0.013    -18.137      0.000      -0.267      -0.215
state_md                        -0.2111      0.015    -14.491      0.000      -0.240      -0.183
state_me                        -0.1470      0.017     -8.572      0.000      -0.181      -0.113
state_mi                        -0.2487      0.012    -20.312      0.000      -0.273      -0.225
state_mn                        -0.1901      0.013    -14.265      0.000      -0.216      -0.164
state_mo                        -0.0729      0.015     -4.762      0.000      -0.103      -0.043
state_ms                        -0.1132      0.023     -4.995      0.000      -0.158      -0.069
state_mt                         0.0656      0.014      4.713      0.000       0.038       0.093
state_nc                        -0.0788      0.013     -6.282      0.000      -0.103      -0.054
state_nd                         0.0184      0.034      0.541      0.588      -0.048       0.085
state_ne                        -0.1066      0.022     -4.778      0.000      -0.150      -0.063
state_nh                        -0.1737      0.017    -10.522      0.000      -0.206      -0.141
state_nj                        -0.2758      0.013    -21.326      0.000      -0.301      -0.250
state_nm                        -0.0821      0.015     -5.431      0.000      -0.112      -0.052
state_nv                        -0.1022      0.016     -6.386      0.000      -0.134      -0.071
state_ny                        -0.2176      0.012    -17.891      0.000      -0.241      -0.194
state_oh                        -0.2298      0.012    -18.737      0.000      -0.254      -0.206
state_ok                        -0.0722      0.014     -5.164      0.000      -0.100      -0.045
state_or                         0.0316      0.013      2.521      0.012       0.007       0.056
state_pa                        -0.2341      0.013    -18.683      0.000      -0.259      -0.210
state_ri                        -0.2385      0.018    -13.553      0.000      -0.273      -0.204
state_sc                        -0.0649      0.014     -4.672      0.000      -0.092      -0.038
state_sd                        -0.0256      0.022     -1.184      0.236      -0.068       0.017
state_tn                        -0.0601      0.013     -4.681      0.000      -0.085      -0.035
state_tx                        -0.0820      0.012     -6.822      0.000      -0.106      -0.058
state_ut                         0.0181      0.021      0.850      0.395      -0.024       0.060
state_va                        -0.1836      0.013    -14.045      0.000      -0.209      -0.158
state_vt                        -0.1264      0.017     -7.321      0.000      -0.160      -0.093
state_wa                         0.0332      0.013      2.624      0.009       0.008       0.058
state_wi                        -0.2483      0.013    -19.493      0.000      -0.273      -0.223
state_wv                         0.0173      0.022      0.779      0.436      -0.026       0.061
state_wy                        -0.0137      0.028     -0.489      0.625      -0.068       0.041
title_status_lien                0.0858      0.016      5.236      0.000       0.054       0.118
title_status_missing            -0.3442      0.030    -11.615      0.000      -0.402      -0.286
title_status_parts only         -0.5780      0.074     -7.820      0.000      -0.723      -0.433
title_status_rebuilt            -0.3772      0.007    -50.494      0.000      -0.392      -0.363
title_status_salvage            -0.5021      0.010    -47.891      0.000      -0.523      -0.482
title_status_None               -0.0313      0.008     -3.989      0.000      -0.047      -0.016
paint_color_blue                -0.1108      0.004    -24.732      0.000      -0.120      -0.102
paint_color_brown               -0.0861      0.008    -10.249      0.000      -0.103      -0.070
paint_color_custom              -0.0795      0.008     -9.486      0.000      -0.096      -0.063
paint_color_green               -0.1338      0.008    -16.404      0.000      -0.150      -0.118
paint_color_grey                -0.1444      0.005    -29.157      0.000      -0.154      -0.135
paint_color_orange               0.0133      0.015      0.896      0.371      -0.016       0.042
paint_color_purple              -0.0058      0.026     -0.226      0.821      -0.056       0.045
paint_color_red                 -0.0545      0.005    -12.073      0.000      -0.063      -0.046
paint_color_silver              -0.1348      0.004    -33.222      0.000      -0.143      -0.127
paint_color_white                0.0390      0.003     11.214      0.000       0.032       0.046
paint_color_yellow               0.0018      0.014      0.126      0.900      -0.026       0.030
paint_color_None                -0.0821      0.003    -25.172      0.000      -0.088      -0.076
==============================================================================
Omnibus:                     9892.609   Durbin-Watson:                   1.998
Prob(Omnibus):                  0.000   Jarque-Bera (JB):            28648.996
Skew:                          -0.082   Prob(JB):                         0.00
Kurtosis:                       4.574   Cond. No.                     5.68e+07
==============================================================================

Notes:
[1] Standard Errors assume that the covariance matrix of the errors is correctly specified.
[2] The condition number is large, 5.68e+07. This might indicate that there are
strong multicollinearity or other numerical problems.rsme is: 10592.30633172122