                            OLS Regression Results                            
==============================================================================
Dep. Variable:                      y   R-squared:                       0.518
Model:                            OLS   Adj. R-squared:                  0.518
Method:                 Least Squares   F-statistic:                     3693.
Date:                Tue, 22 Oct 2024   Prob (F-statistic):               0.00
Time:                        15:50:01   Log-Likelihood:            -2.2398e+05
No. Observations:              274560   AIC:                         4.481e+05
Df Residuals:                  274479   BIC:                         4.490e+05
Df Model:                          80                                         
Covariance Type:            nonrobust                                         
===========================================================================================
                              coef    std err          t      P>|t|      [0.025      0.975]
-------------------------------------------------------------------------------------------
const                     -29.5066      0.240   -122.969      0.000     -29.977     -29.036
year                        0.0199      0.000    167.377      0.000       0.020       0.020
manufacturer_chevrolet      0.0808      0.006     12.844      0.000       0.068       0.093
manufacturer_dodge         -0.1783      0.008    -21.697      0.000      -0.194      -0.162
manufacturer_ford           0.1422      0.006     23.176      0.000       0.130       0.154
manufacturer_gmc            0.3072      0.008     40.254      0.000       0.292       0.322
manufacturer_honda         -0.2618      0.007    -35.962      0.000      -0.276      -0.248
manufacturer_jeep           0.0401      0.007      5.379      0.000       0.025       0.055
manufacturer_nissan        -0.3459      0.007    -46.231      0.000      -0.361      -0.331
manufacturer_ram            0.4879      0.008     64.622      0.000       0.473       0.503
manufacturer_toyota         0.0033      0.007      0.494      0.621      -0.010       0.016
manufacturer_None          -0.1416      0.006    -24.367      0.000      -0.153      -0.130
odometer                 -6.93e-06   1.84e-08   -377.021      0.000   -6.97e-06   -6.89e-06
paint_color_blue           -0.1399      0.005    -30.235      0.000      -0.149      -0.131
paint_color_brown          -0.1222      0.009    -14.066      0.000      -0.139      -0.105
paint_color_custom         -0.1029      0.009    -11.819      0.000      -0.120      -0.086
paint_color_green          -0.1578      0.008    -18.738      0.000      -0.174      -0.141
paint_color_grey           -0.1637      0.005    -31.908      0.000      -0.174      -0.154
paint_color_orange         -0.0520      0.015     -3.419      0.001      -0.082      -0.022
paint_color_purple         -0.0513      0.026     -1.970      0.049      -0.102      -0.000
paint_color_red            -0.0846      0.005    -18.173      0.000      -0.094      -0.076
paint_color_silver         -0.1528      0.004    -36.326      0.000      -0.161      -0.145
paint_color_white           0.0371      0.004     10.327      0.000       0.030       0.044
paint_color_yellow         -0.0187      0.015     -1.278      0.201      -0.047       0.010
paint_color_None           -0.1028      0.003    -30.453      0.000      -0.109      -0.096
state_al                   -0.0299      0.015     -2.005      0.045      -0.059      -0.001
state_ar                   -0.0508      0.017     -3.076      0.002      -0.083      -0.018
state_az                   -0.0980      0.014     -7.183      0.000      -0.125      -0.071
state_ca                   -0.0931      0.012     -7.778      0.000      -0.117      -0.070
state_co                   -0.0479      0.013     -3.647      0.000      -0.074      -0.022
state_ct                   -0.2398      0.015    -16.360      0.000      -0.269      -0.211
state_dc                   -0.2231      0.017    -13.291      0.000      -0.256      -0.190
state_de                   -0.2342      0.024     -9.560      0.000      -0.282      -0.186
state_fl                   -0.1224      0.012    -10.006      0.000      -0.146      -0.098
state_ga                   -0.0922      0.014     -6.535      0.000      -0.120      -0.065
state_hi                   -0.0792      0.017     -4.536      0.000      -0.113      -0.045
state_ia                   -0.1310      0.014     -9.539      0.000      -0.158      -0.104
state_id                   -0.0209      0.014     -1.539      0.124      -0.048       0.006
state_il                   -0.2248      0.013    -16.845      0.000      -0.251      -0.199
state_in                   -0.1555      0.014    -10.867      0.000      -0.184      -0.127
state_ks                   -0.0986      0.014     -6.896      0.000      -0.127      -0.071
state_ky                   -0.0958      0.015     -6.272      0.000      -0.126      -0.066
state_la                   -0.0238      0.017     -1.398      0.162      -0.057       0.010
state_ma                   -0.2372      0.014    -17.279      0.000      -0.264      -0.210
state_md                   -0.1842      0.015    -12.257      0.000      -0.214      -0.155
state_me                   -0.1352      0.018     -7.628      0.000      -0.170      -0.100
state_mi                   -0.2456      0.013    -19.474      0.000      -0.270      -0.221
state_mn                   -0.1832      0.014    -13.327      0.000      -0.210      -0.156
state_mo                   -0.0448      0.016     -2.831      0.005      -0.076      -0.014
state_ms                   -0.1154      0.024     -4.893      0.000      -0.162      -0.069
state_mt                    0.0854      0.014      5.956      0.000       0.057       0.113
state_nc                   -0.0635      0.013     -4.919      0.000      -0.089      -0.038
state_nd                   -0.0062      0.035     -0.178      0.859      -0.075       0.062
state_ne                   -0.0783      0.023     -3.349      0.001      -0.124      -0.032
state_nh                   -0.1777      0.017    -10.428      0.000      -0.211      -0.144
state_nj                   -0.2569      0.013    -19.279      0.000      -0.283      -0.231
state_nm                   -0.0666      0.016     -4.281      0.000      -0.097      -0.036
state_nv                   -0.0810      0.016     -4.915      0.000      -0.113      -0.049
state_ny                   -0.2029      0.013    -16.199      0.000      -0.227      -0.178
state_oh                   -0.2222      0.013    -17.598      0.000      -0.247      -0.197
state_ok                   -0.0685      0.014     -4.759      0.000      -0.097      -0.040
state_or                    0.0364      0.013      2.815      0.005       0.011       0.062
state_pa                   -0.2289      0.013    -17.739      0.000      -0.254      -0.204
state_ri                   -0.2241      0.018    -12.316      0.000      -0.260      -0.188
state_sc                   -0.0461      0.014     -3.209      0.001      -0.074      -0.018
state_sd                -4.585e-05      0.022     -0.002      0.998      -0.044       0.044
state_tn                   -0.0342      0.013     -2.588      0.010      -0.060      -0.008
state_tx                   -0.0655      0.012     -5.295      0.000      -0.090      -0.041
state_ut                    0.0362      0.022      1.624      0.104      -0.007       0.080
state_va                   -0.1730      0.013    -12.836      0.000      -0.199      -0.147
state_vt                   -0.1103      0.018     -6.203      0.000      -0.145      -0.075
state_wa                    0.0485      0.013      3.726      0.000       0.023       0.074
state_wi                   -0.2354      0.013    -17.984      0.000      -0.261      -0.210
state_wv                    0.0425      0.023      1.856      0.063      -0.002       0.087
state_wy                    0.0162      0.029      0.562      0.574      -0.040       0.073
title_status_lien           0.0749      0.017      4.489      0.000       0.042       0.108
title_status_missing       -0.3113      0.031    -10.149      0.000      -0.371      -0.251
title_status_parts only    -0.5030      0.079     -6.363      0.000      -0.658      -0.348
title_status_rebuilt       -0.3910      0.008    -50.596      0.000      -0.406      -0.376
title_status_salvage       -0.4959      0.011    -45.522      0.000      -0.517      -0.475
title_status_None          -0.0312      0.008     -3.837      0.000      -0.047      -0.015
==============================================================================
Omnibus:                     7272.881   Durbin-Watson:                   1.997
Prob(Omnibus):                  0.000   Jarque-Bera (JB):            18231.556
Skew:                          -0.019   Prob(JB):                         0.00
Kurtosis:                       4.262   Cond. No.                     2.49e+07
==============================================================================

Notes:
[1] Standard Errors assume that the covariance matrix of the errors is correctly specified.
[2] The condition number is large, 2.49e+07. This might indicate that there are
strong multicollinearity or other numerical problems.rsme is: 10951.818232926382